Printing steady-state probabilities in plain text format below:
0:(0,0,0,0,0,0)=0.016145825133811565
1:(0,0,1,0,2,0)=0.016145821765883802
2:(0,0,1,1,0,2)=0.016666677916925207
3:(0,0,1,1,2,0)=0.032291655733722543
4:(0,0,1,2,0,2)=0.016666677916925207
5:(0,0,1,2,2,0)=0.031249987912169052
6:(0,0,1,3,0,2)=0.016666677916925207
7:(0,0,1,3,2,0)=0.02916665584855347
8:(0,0,1,4,0,2)=0.016666677916925207
9:(0,0,1,4,2,0)=0.024999994760995372
10:(0,0,1,5,0,2)=0.016666677916925207
11:(0,0,1,5,2,0)=0.01666666848868784
12:(1,0,0,0,1,0)=0.016145821765883802
13:(1,0,1,1,1,2)=0.01505209415947338
14:(1,0,1,2,1,2)=0.01505209415947338
15:(1,0,1,3,1,2)=0.01505209415947338
16:(1,0,1,4,1,2)=0.01505209415947338
17:(1,0,1,5,1,2)=0.01505209415947338
18:(1,1,0,0,0,1)=0.016666677916925207
19:(1,1,0,0,1,0)=0.032291655733722543
20:(1,1,1,0,2,1)=0.01505209415947338
21:(1,1,1,1,1,2)=0.013437504289983065
22:(1,1,1,1,2,1)=0.013437504289983065
23:(1,1,1,2,1,2)=0.013437504289983065
24:(1,1,1,2,2,1)=0.01020833026071865
25:(1,1,1,3,1,2)=0.013437504289983065
26:(1,1,1,3,2,1)=0.007083326796058179
27:(1,1,1,4,1,2)=0.013437504289983065
28:(1,1,1,4,2,1)=0.0041666619069963655
29:(1,1,1,5,1,2)=0.013437504289983065
30:(1,1,1,5,2,1)=0.0016666652544615058
31:(1,2,0,0,0,1)=0.016666677916925207
32:(1,2,0,0,1,0)=0.031249987912169052
33:(1,2,1,0,2,1)=0.01505209415947338
34:(1,2,1,1,1,2)=0.01020833026071865
35:(1,2,1,1,2,1)=0.013437504289983065
36:(1,2,1,2,1,2)=0.01020833026071865
37:(1,2,1,2,2,1)=0.01020833026071865
38:(1,2,1,3,1,2)=0.01020833026071865
39:(1,2,1,3,2,1)=0.007083326796058179
40:(1,2,1,4,1,2)=0.01020833026071865
41:(1,2,1,4,2,1)=0.0041666619069963655
42:(1,2,1,5,1,2)=0.01020833026071865
43:(1,2,1,5,2,1)=0.0016666652544615058
44:(1,3,0,0,0,1)=0.016666677916925207
45:(1,3,0,0,1,0)=0.02916665584855347
46:(1,3,1,0,2,1)=0.01505209415947338
47:(1,3,1,1,1,2)=0.007083326796058179
48:(1,3,1,1,2,1)=0.013437504289983065
49:(1,3,1,2,1,2)=0.007083326796058179
50:(1,3,1,2,2,1)=0.01020833026071865
51:(1,3,1,3,1,2)=0.007083326796058179
52:(1,3,1,3,2,1)=0.007083326796058179
53:(1,3,1,4,1,2)=0.007083326796058179
54:(1,3,1,4,2,1)=0.0041666619069963655
55:(1,3,1,5,1,2)=0.007083326796058179
56:(1,3,1,5,2,1)=0.0016666652544615058
57:(1,4,0,0,0,1)=0.016666677916925207
58:(1,4,0,0,1,0)=0.024999994760995372
59:(1,4,1,0,2,1)=0.01505209415947338
60:(1,4,1,1,1,2)=0.0041666619069963655
61:(1,4,1,1,2,1)=0.013437504289983065
62:(1,4,1,2,1,2)=0.0041666619069963655
63:(1,4,1,2,2,1)=0.01020833026071865
64:(1,4,1,3,1,2)=0.0041666619069963655
65:(1,4,1,3,2,1)=0.007083326796058179
66:(1,4,1,4,1,2)=0.0041666619069963655
67:(1,4,1,4,2,1)=0.0041666619069963655
68:(1,4,1,5,1,2)=0.0041666619069963655
69:(1,4,1,5,2,1)=0.0016666652544615058
70:(1,5,0,0,0,1)=0.016666677916925207
71:(1,5,0,0,1,0)=0.01666666848868784
72:(1,5,1,0,2,1)=0.01505209415947338
73:(1,5,1,1,1,2)=0.0016666652544615058
74:(1,5,1,1,2,1)=0.013437504289983065
75:(1,5,1,2,1,2)=0.0016666652544615058
76:(1,5,1,2,2,1)=0.01020833026071865
77:(1,5,1,3,1,2)=0.0016666652544615058
78:(1,5,1,3,2,1)=0.007083326796058179
79:(1,5,1,4,1,2)=0.0016666652544615058
80:(1,5,1,4,2,1)=0.0041666619069963655
81:(1,5,1,5,1,2)=0.0016666652544615058
82:(1,5,1,5,2,1)=0.0016666652544615058

Time for steady-state probability computation: 0.007 seconds.